                            OLS Regression Results                            
==============================================================================
Dep. Variable:                 target   R-squared:                       0.962
Model:                            OLS   Adj. R-squared:                  0.956
Method:                 Least Squares   F-statistic:                     166.7
Date:                Tue, 10 Jun 2025   Prob (F-statistic):          2.11e-225
Time:                        08:40:20   Log-Likelihood:                -1419.1
No. Observations:                 419   AIC:                             2950.
Df Residuals:                     363   BIC:                             3176.
Df Model:                          55                                         
Covariance Type:            nonrobust                                         
=========================================================================================
                            coef    std err          t      P>|t|      [0.025      0.975]
-----------------------------------------------------------------------------------------
rel_price_rank           -0.0003   7.67e-05     -3.508      0.001      -0.000      -0.000
fred_base                -1.4567      0.415     -3.507      0.001      -2.274      -0.640
close_lag_1              -0.9002      0.305     -2.947      0.003      -1.501      -0.300
returns_1d             -236.9157     74.694     -3.172      0.002    -383.804     -90.028
sma_20_above_50          -8.5428      2.508     -3.406      0.001     -13.475      -3.611
fred_tb3ms              -73.5769     22.637     -3.250      0.001    -118.093     -29.061
fred_pcend               -0.5804      0.081     -7.149      0.000      -0.740      -0.421
rel_strength_20d_ACN   -352.4761    361.172     -0.976      0.330   -1062.729     357.776
rel_price_ADP           384.3472     34.416     11.168      0.000     316.668     452.027
fred_unrate               7.4328     17.425      0.427      0.670     -26.833      41.699
obv                   -1.717e-07   7.24e-08     -2.373      0.018   -3.14e-07   -2.94e-08
rel_strength_20d_AAPL  1955.5972    339.954      5.753      0.000    1287.070    2624.124
volatility_20d          116.1810    125.734      0.924      0.356    -131.077     363.439
fred_sp500                0.1583      0.041      3.824      0.000       0.077       0.240
avg_rel_price            59.9791      9.271      6.470      0.000      41.748      78.211
fred_pcepilfe           -43.3369     13.075     -3.315      0.001     -69.048     -17.625
fred_csushpisa           16.0585      3.094      5.191      0.000       9.975      22.142
minus_di_14               0.0057      0.006      0.953      0.341      -0.006       0.018
adx_14                    0.5461      0.103      5.292      0.000       0.343       0.749
fred_civpart            -54.3458     11.591     -4.688      0.000     -77.141     -31.551
price_above_sma_20        2.9517      1.923      1.535      0.126      -0.831       6.734
fred_nasdaqcom           -0.0176      0.007     -2.543      0.011      -0.031      -0.004
macd_signal               1.9248      0.420      4.581      0.000       1.099       2.751
low_lag_1                 0.5071      0.158      3.210      0.001       0.196       0.818
volume_lag_5          -1.521e-07   1.08e-07     -1.408      0.160   -3.65e-07    6.03e-08
rel_strength_20d_ADP  -3328.1882    485.371     -6.857      0.000   -4282.679   -2373.697
returns_20d             103.5513     22.989      4.504      0.000      58.343     148.759
bb_lower                  0.5669      0.139      4.093      0.000       0.295       0.839
obv_sma_20             -6.71e-07   1.11e-07     -6.046      0.000   -8.89e-07   -4.53e-07
atr_14                    0.5314      0.542      0.980      0.328      -0.535       1.598
macd_cross_signal        -3.8517      1.530     -2.518      0.012      -6.860      -0.843
fred_houst               -0.1098      0.015     -7.182      0.000      -0.140      -0.080
rel_price_ADI            56.3251     14.090      3.997      0.000      28.617      84.034
fred_cpiaucsl            61.1947      9.416      6.499      0.000      42.678      79.711
rel_return_ACN           97.5333     30.392      3.209      0.001      37.767     157.299
macd                     -1.2939      0.509     -2.542      0.011      -2.295      -0.293
parabolic_sar            -0.0507      0.056     -0.898      0.370      -0.162       0.060
macd_histogram           -3.2187      0.783     -4.111      0.000      -4.758      -1.679
sma_5_above_10            2.0343      1.601      1.270      0.205      -1.115       5.183
volume_ratio             -2.4449      0.720     -3.394      0.001      -3.862      -1.028
close_roll_20_max         0.4012      0.114      3.504      0.001       0.176       0.626
fred_fedfunds            86.5966     24.636      3.515      0.000      38.149     135.044
fred_cpilfesl           -44.3857      7.906     -5.614      0.000     -59.934     -28.838
fred_pcedg                0.1485      0.058      2.555      0.011       0.034       0.263
bb_position               6.6220      3.975      1.666      0.097      -1.195      14.439
fred_djia                -0.0041      0.003     -1.545      0.123      -0.009       0.001
fred_gdpc1                0.2379      0.046      5.168      0.000       0.147       0.328
fred_pcesv               -0.1781      0.053     -3.370      0.001      -0.282      -0.074
ichimoku_kijun_26        -0.3974      0.159     -2.506      0.013      -0.709      -0.086
fred_m1sl                 0.1154      0.039      2.958      0.003       0.039       0.192
rel_price_ACN          -136.6935     27.810     -4.915      0.000    -191.383     -82.004
rel_price_AAPL          -64.0622     17.718     -3.616      0.000     -98.905     -29.219
rel_return_ADP          -79.2875     39.367     -2.014      0.045    -156.703      -1.872
plus_di_14                0.0218      0.008      2.664      0.008       0.006       0.038
ichimoku_tenkan_9        -0.5145      0.179     -2.879      0.004      -0.866      -0.163
price_above_sma_5        -2.0847      1.295     -1.610      0.108      -4.632       0.462
close_lag_3               0.4219      0.165      2.550      0.011       0.097       0.747
high_lag_3               -0.3442      0.164     -2.094      0.037      -0.667      -0.021
rel_return_volatility   -85.5139     54.338     -1.574      0.116    -192.370      21.342
==============================================================================
Omnibus:                        9.788   Durbin-Watson:                   1.040
Prob(Omnibus):                  0.007   Jarque-Bera (JB):               16.198
Skew:                           0.102   Prob(JB):                     0.000304
Kurtosis:                       3.941   Cond. No.                     3.02e+20
==============================================================================

Notes:
[1] Standard Errors assume that the covariance matrix of the errors is correctly specified.
[2] The smallest eigenvalue is 1.42e-22. This might indicate that there are
strong multicollinearity problems or that the design matrix is singular.