                            OLS Regression Results                            
==============================================================================
Dep. Variable:                 target   R-squared:                       0.980
Model:                            OLS   Adj. R-squared:                  0.976
Method:                 Least Squares   F-statistic:                     276.1
Date:                Tue, 10 Jun 2025   Prob (F-statistic):          8.27e-266
Time:                        09:52:24   Log-Likelihood:                -610.72
No. Observations:                 419   AIC:                             1347.
Df Residuals:                     356   BIC:                             1602.
Df Model:                          62                                         
Covariance Type:            nonrobust                                         
========================================================================================
                           coef    std err          t      P>|t|      [0.025      0.975]
----------------------------------------------------------------------------------------
rel_price_rank        3.246e-05   1.21e-05      2.687      0.008     8.7e-06    5.62e-05
fred_base                0.1889      0.070      2.696      0.007       0.051       0.327
close_lag_1             -0.2743      0.206     -1.335      0.183      -0.678       0.130
returns_1d              -6.9664      9.477     -0.735      0.463     -25.605      11.672
rel_price_BKR            5.6907      2.049      2.777      0.006       1.661       9.720
rel_strength_20d_BKR  -370.4557     87.793     -4.220      0.000    -543.113    -197.798
fred_dgs2               -0.8313      1.731     -0.480      0.631      -4.235       2.572
avg_rel_strength       964.4581    311.940      3.092      0.002     350.982    1577.934
sma_20_above_50          0.7235      0.308      2.349      0.019       0.118       1.329
fred_m1sl                0.0109      0.007      1.476      0.141      -0.004       0.026
fred_pcend               0.0303      0.014      2.136      0.033       0.002       0.058
close_roll_5_min        -0.2791      0.131     -2.138      0.033      -0.536      -0.022
ichimoku_senkou_b       -0.2307      0.116     -1.994      0.047      -0.458      -0.003
fred_unrate             -6.7722      4.161     -1.627      0.105     -14.956       1.412
fred_pcedg               0.0220      0.010      2.299      0.022       0.003       0.041
fred_djia               -0.0015      0.000     -7.217      0.000      -0.002      -0.001
fred_fedfunds           17.9427      5.055      3.550      0.000       8.002      27.884
rel_strength_20d_HAL  -296.5015     78.070     -3.798      0.000    -450.038    -142.965
fred_nasdaqcom           0.0024      0.000      8.547      0.000       0.002       0.003
ichimoku_kijun_26        1.2364      0.167      7.405      0.000       0.908       1.565
donchian_mid_20         -0.0547      0.501     -0.109      0.913      -1.041       0.932
fred_gdpc1              -0.0255      0.012     -2.051      0.041      -0.050      -0.001
fred_pcesv               0.0312      0.013      2.400      0.017       0.006       0.057
rel_price_COP          -44.1869      9.061     -4.877      0.000     -62.006     -26.368
fred_gdppot             -0.0054      0.011     -0.481      0.631      -0.028       0.017
adx_14                  -0.0853      0.015     -5.852      0.000      -0.114      -0.057
close_roll_20_min       -0.5016      0.257     -1.950      0.052      -1.008       0.004
parabolic_sar           -0.2029      0.069     -2.937      0.004      -0.339      -0.067
rel_strength_20d_APA  -328.2970     75.507     -4.348      0.000    -476.792    -179.802
volume_ratio             0.5886      0.185      3.189      0.002       0.226       0.951
obv                   5.504e-08   6.25e-09      8.806      0.000    4.27e-08    6.73e-08
obv_sma_20           -1.766e-08   1.03e-08     -1.718      0.087   -3.79e-08    2.56e-09
close_roll_20_mean       0.7977      0.170      4.682      0.000       0.463       1.133
sma_20                   0.7977      0.170      4.682      0.000       0.463       1.133
rel_return_BKR          -1.5242      5.969     -0.255      0.799     -13.263      10.215
price_above_sma_50      -0.7284      0.254     -2.864      0.004      -1.229      -0.228
ichimoku_senkou_a       -0.1353      0.104     -1.302      0.194      -0.340       0.069
plus_di_14               0.0023      0.001      1.723      0.086      -0.000       0.005
fred_gdp                -0.0111      0.011     -0.968      0.333      -0.033       0.011
bb_upper                -0.3645      0.129     -2.836      0.005      -0.617      -0.112
cci_20                   0.0089      0.003      3.413      0.001       0.004       0.014
rel_strength_20d_CVX   151.2049     83.906      1.802      0.072     -13.809     316.219
bb_position             -0.9256      0.706     -1.311      0.191      -2.314       0.463
volume_lag_1          3.391e-08   1.74e-08      1.947      0.052   -3.45e-10    6.82e-08
returns_20d            -14.9886      4.298     -3.487      0.001     -23.442      -6.535
volatility_20d        -211.8603     41.102     -5.154      0.000    -292.694    -131.026
volume_sma_20         8.304e-07   1.49e-07      5.583      0.000    5.38e-07    1.12e-06
avg_rel_return          30.4058     11.872      2.561      0.011       7.058      53.754
close_roll_20_max        0.7062      0.194      3.638      0.000       0.324       1.088
fred_emratio           -23.1964      3.646     -6.362      0.000     -30.367     -16.026
fred_civpart            19.7716      3.260      6.065      0.000      13.361      26.182
fred_dgs30              -7.5976      3.713     -2.046      0.041     -14.899      -0.296
donchian_high_20        -0.8477      0.313     -2.710      0.007      -1.463      -0.233
fred_dgs10               7.2207      4.403      1.640      0.102      -1.439      15.880
rel_price_CTRA          -3.7039      1.893     -1.957      0.051      -7.427       0.019
close_roll_10_min       -0.4925      0.151     -3.254      0.001      -0.790      -0.195
close_roll_10_std       -0.6669      0.257     -2.597      0.010      -1.172      -0.162
fred_m2sl               -0.0400      0.011     -3.541      0.000      -0.062      -0.018
fred_pcepi               5.6369      1.916      2.943      0.003       1.870       9.404
fred_tb3ms             -12.3274      5.730     -2.151      0.032     -23.597      -1.058
price_above_sma_20      -0.4430      0.259     -1.709      0.088      -0.953       0.067
stoch_d_3                0.0196      0.009      2.120      0.035       0.001       0.038
sma_5_above_10          -0.4609      0.211     -2.183      0.030      -0.876      -0.046
volume_lag_2          2.885e-08   1.78e-08      1.618      0.107   -6.22e-09    6.39e-08
rel_return_CVX         -12.0295      8.032     -1.498      0.135     -27.826       3.767
==============================================================================
Omnibus:                        3.244   Durbin-Watson:                   1.161
Prob(Omnibus):                  0.197   Jarque-Bera (JB):                3.010
Skew:                           0.169   Prob(JB):                        0.222
Kurtosis:                       3.241   Cond. No.                     2.44e+20
==============================================================================

Notes:
[1] Standard Errors assume that the covariance matrix of the errors is correctly specified.
[2] The smallest eigenvalue is 4.97e-23. This might indicate that there are
strong multicollinearity problems or that the design matrix is singular.